Days;Dif;Ask
4;-33.12;0.03
4;-32.12;0.05
4;-31.12;0.03
4;-30.12;0.11
4;-29.12;0.03
4;-28.12;0.02
4;-27.12;0.01
4;-24.62;0.01
4;-22.12;0.03
4;-19.62;0.03
4;-17.12;0.03
4;-14.62;0.03
4;-12.12;0.04
4;-9.62;0.06
4;-7.12;0.11
4;-4.62;0.28
4;-2.12;0.75
4;0.38;1.7
4;2.88;3.25
4;10.38;9.35
4;12.88;11.7
4;15.38;14.2
4;17.88;17.65
4;22.88;23.1
4;32.88;32.2
9;-33.12;0.15
9;-32.12;0.16
9;-31.12;0.06
9;-30.12;0.17
9;-29.12;0.17
9;-28.12;0.2
9;-27.12;0.09
9;-24.62;0.12
9;-22.12;0.17
9;-19.62;0.23
9;-17.12;0.33
9;-14.62;0.47
9;-12.12;0.71
9;-9.62;1.04
9;-7.12;1.52
9;-4.62;2.2
9;-2.12;3.05
9;0.38;4.25
9;2.88;5.65
9;5.38;7.3
9;7.88;9.1
9;10.38;10.7
9;12.88;12.75
9;15.38;18.1
14;-33.12;0.18
14;-32.12;0.11
14;-31.12;0.1
14;-30.12;0.21
14;-29.12;0.24
14;-28.12;0.23
14;-27.12;0.25
14;-24.62;0.26
14;-22.12;0.29
14;-19.62;0.38
14;-17.12;0.52
14;-14.62;0.71
14;-12.12;1.02
14;-9.62;1.42
14;-7.12;1.97
14;-4.62;2.75
14;-2.12;3.65
14;0.38;4.85
14;2.88;6.35
14;5.38;8
14;7.88;9.1
14;10.38;11.25
14;12.88;13.75
14;17.88;18.4
14;22.88;23.3
19;-174.62;0.02
19;-97.12;0.05
19;-92.12;0.02
19;-87.12;0.01
19;-82.12;0.02
19;-77.12;0.01
19;-72.12;0.02
19;-67.12;0.03
19;-62.12;0.05
19;-57.12;0.03
19;-52.12;0.03
19;-47.12;0.06
19;-42.12;0.13
19;-37.12;0.1
19;-32.12;0.15
19;-27.12;0.22
19;-22.12;0.36
19;-17.12;0.64
19;-12.12;1.17
19;-7.12;2.22
19;-2.12;4.05
19;2.88;6.6
19;7.88;10.1
19;12.88;14.2
19;17.88;17.9
19;22.88;23.7
19;27.88;27.25
19;32.88;33.15
19;37.88;38.8
19;42.88;43.65
19;47.88;50.6
19;52.88;61
19;57.88;60.55
19;62.88;68.4
29;-32.12;0.29
29;-31.12;0.33
29;-27.12;0.39
29;-24.62;0.49
29;-22.12;0.6
29;-19.62;0.72
29;-17.12;0.96
29;-14.62;1.28
29;-12.12;1.69
29;-9.62;2.2
29;-7.12;2.89
29;-4.62;3.7
29;-2.12;4.65
29;0.38;5.85
29;2.88;7.35
29;5.38;8.8
29;7.88;9.95
29;12.88;14.3
29;15.38;15.8
24;-32.12;0.26
24;-31.12;0.29
24;-30.12;0.3
24;-29.12;0.3
24;-28.12;0.28
24;-27.12;0.31
24;-24.62;0.37
24;-22.12;0.48
24;-19.62;0.6
24;-17.12;0.79
24;-14.62;1.09
24;-12.12;1.44
24;-9.62;1.91
24;-7.12;2.54
24;-4.62;3.4
24;-2.12;4.15
24;0.38;5.6
24;2.88;6.9
24;5.38;8.55
24;7.88;9.65
24;10.38;11.45
24;12.88;14.85
24;22.88;23.35
64;-174.62;0.01
64;-127.12;0.02
64;-122.12;0.02
64;-117.12;0.03
64;-112.12;0.07
64;-107.12;0.02
64;-102.12;0.02
64;-97.12;0.09
64;-92.12;0.1
64;-87.12;0.07
64;-82.12;0.07
64;-77.12;0.1
64;-72.12;0.08
64;-67.12;0.15
64;-62.12;0.11
64;-57.12;0.12
64;-52.12;0.15
64;-47.12;0.21
64;-42.12;0.28
64;-37.12;0.4
64;-32.12;0.61
64;-27.12;0.93
64;-22.12;1.44
64;-17.12;2.18
64;-12.12;3.25
64;-7.12;4.75
64;-2.12;6.7
64;2.88;9.2
64;7.88;12.3
64;12.88;16
64;17.88;20.15
64;22.88;24.4
64;27.88;27.8
64;32.88;33.4
64;37.88;38.45
64;42.88;43.55
64;47.88;51
64;52.88;53.25
64;57.88;60.55
64;62.88;71
64;72.88;75.5
64;82.88;83
64;87.88;88.15
64;92.88;93.15
64;107.88;108.75
104;-107.12;0.1
104;-102.12;0.06
104;-97.12;0.07
104;-92.12;0.1
104;-87.12;0.12
104;-82.12;0.13
104;-77.12;0.09
104;-72.12;0.2
104;-67.12;0.21
104;-62.12;0.21
104;-57.12;0.28
104;-52.12;0.41
104;-47.12;0.55
104;-42.12;0.75
104;-37.12;1.02
104;-32.12;1.47
104;-27.12;2.09
104;-22.12;2.93
104;-17.12;4.05
104;-12.12;5.4
104;-7.12;7.2
104;-2.12;9.35
104;2.88;11.85
104;7.88;14.35
104;12.88;17.35
104;17.88;21.8
104;22.88;25.9
104;27.88;29.55
104;32.88;34.7
104;37.88;45.7
104;42.88;43.35
104;47.88;55.2
104;52.88;56.5
129;-107.12;0.06
129;-87.12;0.13
129;-82.12;0.25
129;-77.12;0.26
129;-72.12;0.3
129;-67.12;0.35
129;-62.12;0.32
129;-57.12;0.43
129;-52.12;0.54
129;-47.12;0.73
129;-42.12;0.98
129;-37.12;1.38
129;-32.12;1.91
129;-27.12;2.69
129;-22.12;3.5
129;-17.12;4.8
129;-12.12;6.3
129;-7.12;8.05
129;-2.12;10.2
129;2.88;12.3
129;7.88;15.1
129;12.88;18.25
129;17.88;22.55
129;22.88;25.4
129;27.88;29.45
129;32.88;33.75
129;42.88;48.15
129;122.88;126.9
129;147.88;148.85
174;-102.12;0.1
174;-97.12;0.18
174;-92.12;0.14
174;-87.12;0.14
174;-82.12;0.32
174;-77.12;0.25
174;-72.12;0.29
174;-67.12;0.4
174;-62.12;0.51
174;-57.12;0.7
174;-52.12;0.96
174;-47.12;1.24
174;-42.12;1.66
174;-37.12;2.19
174;-32.12;2.88
174;-27.12;4
174;-22.12;5.15
174;-17.12;6.5
174;-12.12;8.15
174;-7.12;10
174;-2.12;12.2
174;2.88;14.3
174;7.88;17.1
174;12.88;20.2
174;17.88;23.4
174;22.88;27.15
174;27.88;30.85
174;32.88;43.05
174;37.88;40.5
174;42.88;48.45
174;57.88;62.65
174;72.88;72.15
259;-134.62;0.05
259;-129.62;0.05
259;-122.12;0.12
259;-117.12;0.09
259;-112.12;0.25
259;-107.12;0.12
259;-102.12;0.13
259;-97.12;0.16
259;-92.12;0.24
259;-87.12;0.33
259;-82.12;0.43
259;-79.62;0.49
259;-77.12;0.49
259;-72.12;0.73
259;-67.12;0.88
259;-62.12;1.07
259;-57.12;1.49
259;-52.12;1.85
259;-47.12;2.4
259;-42.12;3.1
259;-37.12;3.95
259;-32.12;4.85
259;-27.12;6
259;-22.12;7.45
259;-17.12;9
259;-12.12;10.75
259;-2.12;15.15
259;2.88;17.5
259;7.88;20.45
259;12.88;23.5
259;17.88;26.25
259;22.88;30.25
259;27.88;33.25
259;32.88;37.05
259;37.88;41.6
259;42.88;46.2
259;47.88;50.5
259;52.88;55.5
259;62.88;62.95
259;72.88;74.8
259;82.88;83.85
519;-127.12;0.08
519;-97.12;0.47
519;-92.12;0.67
519;-87.12;1.8
519;-82.12;0.97
519;-77.12;1.3
519;-72.12;1.91
519;-67.12;2.2
519;-62.12;3.15
519;-57.12;3.7
519;-52.12;4.4
519;-47.12;6.15
519;-42.12;6.5
519;-37.12;7.8
519;-32.12;9.2
519;-27.12;10.9
519;-22.12;12.5
519;-17.12;14.5
519;-12.12;16.7
519;-7.12;18.8
519;-2.12;21.2
519;2.88;24.2
519;7.88;28.4
519;12.88;30.8
519;17.88;34.15
519;22.88;37.2
519;32.88;41.95
519;42.88;49.25
519;52.88;57.65
519;62.88;65.35
519;72.88;74.1
519;82.88;83.25
